fullSet, iter: 2 i:1933, pairs changed 0
iteration number: 3
[   0    7    9   11   12   14   18   23   24   40   42   44   46   48   51
   52   65   70   78   82   90  101  110  139  150  152  168  171  174  175
  177  178  181  185  188  192  202  207  217  230  231  234  259  276  277
  278  304  306  313  317  318  329  353  374  378  379  402  403  451  456---------得到支持向量点所对应的下标
  458  466  469  472  479  492  517  528  549  570  830 1020 1022 1023 1066
 1168 1169 1227 1231 1257 1262 1272 1487 1489 1522 1536 1695 1899 1907 1913
 1914 1923]
[[ 0.  0.  0. ...,  0.  0.  0.]
 [ 0.  0.  0. ...,  0.  0.  0.]
 [ 0.  0.  0. ...,  0.  0.  0.]
 ...
 [ 0.  0.  0. ...,  0.  0.  0.]
 [ 0.  0.  0. ...,  0.  0.  0.]
 [ 0.  0.  0. ...,  0.  0.  0.]]-------得到支持向量点
[[ 1]
 [ 1]
 [ 1]
 [-1]
 [ 1]
 [-1]
 [-1]
 [ 1]
 [-1]
 [ 1]
 [ 1]
 [-1]-------------------得到支持向量点的标签
 [ 1]
 [ 1]
 [-1]
 [ 1]
 [-1]
 [ 1]
 [-1]
 [-1]
 [ 1]
 [ 1]
 [ 1]
 [ 1]
 [ 1]
 [-1]
 [ 1]
 [-1]
 [-1]
 [ 1]
 [-1]
 [-1]
 [ 1]
 [ 1]
 [-1]
 [ 1]
 [-1]
 [-1]
 [-1]
 [-1]
 [ 1]
 [-1]
 [-1]
 [-1]
 [ 1]
 [ 1]
 [ 1]
 [-1]
 [-1]
 [ 1]
 [-1]
 [-1]
 [ 1]
 [ 1]
 [-1]
 [ 1]
 [-1]
 [ 1]
 [-1]
 [ 1]
 [-1]
 [ 1]
 [ 1]
 [-1]
 [-1]
 [-1]
 [-1]
 [ 1]
 [ 1]
 [-1]
 [ 1]
 [-1]
 [ 1]
 [ 1]
 [-1]
 [ 1]
 [-1]
 [ 1]
 [-1]
 [ 1]
 [-1]
 [-1]
 [ 1]
 [-1]
 [ 1]
 [-1]
 [ 1]
 [ 1]
 [-1]
 [-1]
 [ 1]
 [-1]]
there are 92 Support Vectors --------得到了92个支持向量
the training error rate is: 0.049638
the test error rate is: 0.041226
a